$MeshFormat
2.2 0 8
$EndMeshFormat
$PhysicalNames
3
1 1 "Interior boundary"
1 2 "Exterior boundary"
2 3 "2D Domain"
$EndPhysicalNames
$Nodes
80
1 0.1 0 0
2 0.03090169943749475 -0.09510565162951536 0
3 -0.08090169943749474 -0.05877852522924733 0
4 -0.08090169943749476 0.05877852522924731 0
5 0.03090169943749473 0.09510565162951537 0
6 0.5 0 0
7 0.4842915805643155 -0.1243449435824274 0
8 0.4381533400219318 -0.2408768370508577 0
9 0.3644843137107058 -0.3422735529643443 0
10 0.2679133974894983 -0.4221639627510075 0
11 0.1545084971874737 -0.4755282581475768 0
12 0.03139525976465676 -0.4990133642141358 0
13 -0.0936906572928623 -0.4911436253643444 0
14 -0.2128896457825364 -0.4524135262330097 0
15 -0.3187119948743448 -0.3852566213878946 0
16 -0.4045084971874737 -0.2938926261462366 0
17 -0.4648882429441257 -0.1840622763423391 0
18 -0.4960573506572389 -0.06266661678215227 0
19 -0.4960573506572389 0.06266661678215216 0
20 -0.4648882429441257 0.184062276342339 0
21 -0.4045084971874739 0.2938926261462363 0
22 -0.3187119948743448 0.3852566213878947 0
23 -0.2128896457825361 0.4524135262330099 0
24 -0.09369065729286231 0.4911436253643444 0
25 0.03139525976465642 0.4990133642141358 0
26 0.1545084971874736 0.4755282581475768 0
27 0.2679133974894983 0.4221639627510075 0
28 0.3644843137107057 0.3422735529643445 0
29 0.4381533400219316 0.2408768370508581 0
30 0.4842915805643155 0.1243449435824277 0
31 -0.04424885473396546 0.1725567972315057 -0
32 0.1481599158039016 0.105525601598957 0
33 0.1389911944208506 -0.1150155862993614 0
34 -0.1800507037654774 0.01135258965508997 -0
35 -0.06643568168100009 -0.1677302519460976 0
36 -0.3445853819398553 0.1979787716702215 -0
37 0.1714701398237325 0.3545030816213427 0
38 0.1624064277477899 -0.3627103964665027 0
39 0.3844599103076326 0.04856858150660984 0
40 -0.2947717399176719 -0.2665413679423779 0
41 -0.02255132247712385 0.378746004835961 -0
42 -0.3764801852247134 -0.09642890097231339 0
43 -0.2076412346930365 0.3271902312088009 -0
44 0.3612583537785182 -0.1432768810199248 0
45 -0.02462944065096578 -0.3878521025633138 0
46 0.3135066950249254 0.2277759467500153 0
47 0.04412202152074814 -0.1999372099649608 0
48 -0.1530231164614675 0.1355456735852547 -0
49 -0.1765171319109599 -0.1037465317665074 0
50 0.06796453689712678 0.1937297858451589 0
51 0.2030898661687817 -0.01834164440401885 0
52 -0.2803718841739699 0.0935834731342486 -0
53 0.1718181711971547 -0.2405431324458663 0
54 -0.1756753787203444 -0.2377407071409267 0
55 0.2769827707966413 0.0965035478196153 0
56 0.1894897039881074 0.2279053368849125 0
57 -0.006241844327595363 0.2617787607222627 -0
58 -0.1112863801756058 0.2707919755724456 -0
59 -0.2823423680670433 -0.03227495520790757 0
60 -0.3887008786627573 0.01438663121085403 -0
61 0.2473075836912168 -0.1396735783161433 0
62 0.3059954676649699 -0.2400886630287482 0
63 -0.05655715609924002 -0.2784982590214471 0
64 -0.133803743666197 -0.3652326706218388 0
65 -0.1296118480842329 0.3840570726429123 -0
66 0.3794788593430892 0.1476139713419052 0
67 0.2613728500073939 0.3149243761943245 0
68 -0.2985935512640371 0.2861570939973831 -0
69 0.4102365835998258 -0.05182493262202085 0
70 0.07330891056245403 -0.4072350758877816 0
71 0.07982750143203594 0.4043960136274535 0
72 -0.3646498733841146 -0.1955634762478164 0
73 0.3138891780571028 -0.03467415117264712 0
74 -0.2784061128708079 -0.1553826565463082 0
75 0.06174482237965683 -0.3127960293916453 0
76 -0.2325835914513287 0.2185412031947258 -0
77 0.0799931192227139 0.3035098305895153 0
78 -0.3978474671143244 0.1158765904727632 -0
79 0.253753345616686 -0.3275961316589961 0
80 -0.2331507534211239 -0.3425688111922866 0
$EndNodes
$Elements
160
1 1 2 1 1 1 2
2 1 2 1 2 2 3
3 1 2 1 3 3 4
4 1 2 1 4 4 5
5 1 2 1 5 5 1
6 1 2 2 6 6 7
7 1 2 2 7 7 8
8 1 2 2 8 8 9
9 1 2 2 9 9 10
10 1 2 2 10 10 11
11 1 2 2 11 11 12
12 1 2 2 12 12 13
13 1 2 2 13 13 14
14 1 2 2 14 14 15
15 1 2 2 15 15 16
16 1 2 2 16 16 17
17 1 2 2 17 17 18
18 1 2 2 18 18 19
19 1 2 2 19 19 20
20 1 2 2 20 20 21
21 1 2 2 21 21 22
22 1 2 2 22 22 23
23 1 2 2 23 23 24
24 1 2 2 24 24 25
25 1 2 2 25 25 26
26 1 2 2 26 26 27
27 1 2 2 27 27 28
28 1 2 2 28 28 29
29 1 2 2 29 29 30
30 1 2 2 30 30 6
31 2 2 3 1 55 73 39
32 2 2 3 1 53 75 38
33 2 2 3 1 54 74 40
34 2 2 3 1 52 76 36
35 2 2 3 1 51 73 55
36 2 2 3 1 47 75 53
37 2 2 3 1 49 74 54
38 2 2 3 1 48 76 52
39 2 2 3 1 42 60 18
40 2 2 3 1 44 62 8
41 2 2 3 1 45 64 13
42 2 2 3 1 41 65 58
43 2 2 3 1 41 58 57
44 2 2 3 1 51 55 32
45 2 2 3 1 47 53 33
46 2 2 3 1 48 52 34
47 2 2 3 1 49 54 35
48 2 2 3 1 46 56 55
49 2 2 3 1 18 60 19
50 2 2 3 1 8 62 9
51 2 2 3 1 13 64 14
52 2 2 3 1 2 47 33
53 2 2 3 1 3 49 35
54 2 2 3 1 4 48 34
55 2 2 3 1 5 50 31
56 2 2 3 1 1 51 32
57 2 2 3 1 55 56 32
58 2 2 3 1 37 77 56
59 2 2 3 1 31 58 48
60 2 2 3 1 50 57 31
61 2 2 3 1 33 61 51
62 2 2 3 1 34 59 49
63 2 2 3 1 35 63 47
64 2 2 3 1 56 67 37
65 2 2 3 1 28 46 29
66 2 2 3 1 22 43 23
67 2 2 3 1 17 42 18
68 2 2 3 1 7 44 8
69 2 2 3 1 12 45 13
70 2 2 3 1 24 41 25
71 2 2 3 1 30 39 6
72 2 2 3 1 15 40 16
73 2 2 3 1 26 37 27
74 2 2 3 1 20 36 21
75 2 2 3 1 10 38 11
76 2 2 3 1 56 77 50
77 2 2 3 1 55 66 46
78 2 2 3 1 57 77 41
79 2 2 3 1 2 33 1
80 2 2 3 1 1 32 5
81 2 2 3 1 5 31 4
82 2 2 3 1 3 35 2
83 2 2 3 1 4 34 3
84 2 2 3 1 41 77 71
85 2 2 3 1 31 48 4
86 2 2 3 1 33 51 1
87 2 2 3 1 34 49 3
88 2 2 3 1 35 47 2
89 2 2 3 1 32 50 5
90 2 2 3 1 58 76 48
91 2 2 3 1 61 73 51
92 2 2 3 1 59 74 49
93 2 2 3 1 63 75 47
94 2 2 3 1 32 56 50
95 2 2 3 1 59 60 42
96 2 2 3 1 63 64 45
97 2 2 3 1 61 62 44
98 2 2 3 1 39 66 55
99 2 2 3 1 36 78 52
100 2 2 3 1 40 80 54
101 2 2 3 1 38 79 53
102 2 2 3 1 52 59 34
103 2 2 3 1 53 61 33
104 2 2 3 1 54 63 35
105 2 2 3 1 46 67 56
106 2 2 3 1 58 65 43
107 2 2 3 1 52 78 60
108 2 2 3 1 54 80 64
109 2 2 3 1 53 79 62
110 2 2 3 1 54 64 63
111 2 2 3 1 52 60 59
112 2 2 3 1 53 62 61
113 2 2 3 1 38 75 70
114 2 2 3 1 39 73 69
115 2 2 3 1 40 74 72
116 2 2 3 1 36 76 68
117 2 2 3 1 57 58 31
118 2 2 3 1 46 66 29
119 2 2 3 1 28 67 46
120 2 2 3 1 43 65 23
121 2 2 3 1 24 65 41
122 2 2 3 1 12 70 45
123 2 2 3 1 41 71 25
124 2 2 3 1 7 69 44
125 2 2 3 1 17 72 42
126 2 2 3 1 22 68 43
127 2 2 3 1 30 66 39
128 2 2 3 1 37 67 27
129 2 2 3 1 40 72 16
130 2 2 3 1 39 69 6
131 2 2 3 1 38 70 11
132 2 2 3 1 26 71 37
133 2 2 3 1 36 68 21
134 2 2 3 1 23 65 24
135 2 2 3 1 29 66 30
136 2 2 3 1 27 67 28
137 2 2 3 1 25 71 26
138 2 2 3 1 11 70 12
139 2 2 3 1 16 72 17
140 2 2 3 1 6 69 7
141 2 2 3 1 21 68 22
142 2 2 3 1 9 79 10
143 2 2 3 1 19 78 20
144 2 2 3 1 14 80 15
145 2 2 3 1 20 78 36
146 2 2 3 1 10 79 38
147 2 2 3 1 15 80 40
148 2 2 3 1 43 76 58
149 2 2 3 1 42 74 59
150 2 2 3 1 44 73 61
151 2 2 3 1 45 75 63
152 2 2 3 1 62 79 9
153 2 2 3 1 64 80 14
154 2 2 3 1 60 78 19
155 2 2 3 1 50 77 57
156 2 2 3 1 71 77 37
157 2 2 3 1 69 73 44
158 2 2 3 1 72 74 42
159 2 2 3 1 70 75 45
160 2 2 3 1 68 76 43
$EndElements
