$MeshFormat
2.2 0 8
$EndMeshFormat
$Nodes
117
1 0.7236067977499789 -1 0
2 0.2763932022500211 -1.000000000000004 0
3 -1 -1 0
4 -1 1 0
5 0.2763932022500211 0.9999999999999956 0
6 0.7236067977499789 1 0
7 1 1 0
8 1 -1 0
9 -0.276393202250021 -0.5 0
10 -0.276393202250021 0.5 0
11 0.7236067977499789 0 0
12 0.6118033988749899 -0.8063508326896294 0
13 0.3881966011250104 -0.8063508326896291 0
14 -0.7447213595499953 -1 0
15 -0.4894427190999909 -1 0
16 -0.2341640786499869 -1 0
17 0.02111456180001703 -1 0
18 -1 0.7142857142857149 0
19 -1 0.4285714285714292 0
20 -1 0.1428571428571446 0
21 -1 -0.1428571428571399 0
22 -1 -0.4285714285714264 0
23 -1 -0.7142857142857131 0
24 0.02111456180001658 1 0
25 -0.2341640786499881 1 0
26 -0.4894427190999924 1 0
27 -0.7447213595499962 1 0
28 0.3881966011250101 0.8063508326896294 0
29 0.6118033988749896 0.8063508326896291 0
30 1 -0.7142857142857131 0
31 1 -0.4285714285714264 0
32 1 -0.1428571428571399 0
33 1 0.1428571428571446 0
34 1 0.4285714285714292 0
35 1 0.7142857142857149 0
36 -0.3605834419765994 -0.3251771658252052 0
37 -0.5497571934743053 -0.2819994915199495 0
38 -0.7014627634240833 -0.4029806465001346 0
39 -0.701462763424084 -0.5970193534998641 0
40 -0.5497571934743058 -0.7180005084800504 0
41 -0.3605834419765993 -0.6748228341747946 0
42 -0.3605834419765994 0.6748228341747948 0
43 -0.5497571934743053 0.7180005084800505 0
44 -0.7014627634240833 0.5970193534998653 0
45 -0.701462763424084 0.4029806465001359 0
46 -0.5497571934743058 0.2819994915199496 0
47 -0.3605834419765993 0.3251771658252054 0
48 0.6394165580234006 0.1748228341747948 0
49 0.4502428065256946 0.2180005084800505 0
50 0.2985372365759167 0.09701935349986539 0
51 0.298537236575916 -0.09701935349986408 0
52 0.4502428065256942 -0.2180005084800503 0
53 0.6394165580234008 -0.1748228341747946 0
54 0.1277177180972161 0.02312484690243148 0
55 0.2696172679587832 0.2888908084620628 0
56 0.2562933858896289 -0.2919069049391235 0
57 -0.4235816910603275 -0.1371744306545561 0
58 -0.1670873065563436 0.3396776965586841 0
59 -0.08333042448399029 0.5105304819252394 0
60 -0.1646096069893159 -0.3405961538339443 0
61 -0.08289279369754798 -0.5145034441056944 0
62 0.5806737518042608 -0.3964485964449237 0
63 0.5806737518042607 0.3964485964449243 0
64 -0.6077470704041127 -0.09174860193524871 0
65 -0.2394414195405156 0.1712598253001502 0
66 -0.04065856544169762 0.1503346128757908 0
67 -0.1419663538823064 0.004521814446243749 0
68 0.0608102441245382 -0.3570940645468706 0
69 0.1141650197924558 -0.531438988219975 0
70 -0.01732174587872926 -0.6756165497652141 0
71 0.4999999999999996 0.6127016653792604 0
72 0.300503905262487 0.6062311830975246 0
73 0.5000000000000001 -0.6127016653792585 0
74 0.7551863247691678 0.5846076783128524 0
75 0.7551863247691681 -0.5846076783128514 0
76 -0.08500779860482528 0.8185032598387877 0
77 -0.4943816850626437 0.05526292936595354 0
78 -0.6662659699389224 0.09245425300910833 0
79 -0.05938327870778379 -0.1805642785923661 0
80 0.1447908141065929 0.7734689612474003 0
81 0.06364872090449476 0.3520433738618778 0
82 0.3971562433803784 0.4370565567767535 0
83 0.3994933363098934 -0.4403484654212066 0
84 0.7975416837998717 0.3127638391918606 0
85 0.7975416837998719 -0.3127638391918591 0
86 0.303711981265298 -0.6079210941198721 0
87 -0.7393272060514412 0.7962903978444269 0
88 -0.7393272060514422 -0.7962903978444263 0
89 0.1496266790508642 -0.7907302147616593 0
90 0.1086904616450118 0.5276944492332041 0
91 -0.2438333160343392 -0.1639196959332338 0
92 0.1129129160932818 -0.1578524316339946 0
93 0.1359107351820241 0.1882689178877038 0
94 -0.186508771828477 -0.6690968170221248 0
95 -0.3232612850530602 0.01888491769079961 0
96 0.8185790110011042 -0.8184739911267949 0
97 0.8185790110011038 0.8184739911267953 0
98 -0.8074654239126349 -0.03627285009305767 0
99 -0.7954947151994155 0.2589414446235301 0
100 -0.7871348724087283 -0.2692043087824222 0
101 -0.1162973273113382 -0.8495343741329868 0
102 0.809973468202402 -0.149275354790019 0
103 0.8231517656501687 0.0829252583419865 0
104 -0.4153125729812994 0.845338246112402 0
105 -0.4227866741554189 -0.8382936841935524 0
106 -0.1778460804648231 0.660661477316093 0
107 0.2348440917272472 0.4431461700671485 0
108 -0.0185406055604068 0.6581717259121449 0
109 0.2348509721872984 -0.4444038721428311 0
110 -0.8396840484095167 0.480359717496135 0
111 -0.838012079851379 -0.482412290327912 0
112 -0.3963632447382288 0.18335906362024 0
113 -0.2545827945355071 0.7998651634884155 0
114 -0.006497809419824793 -0.04365483512817468 0
115 -0.264068058784364 -0.8063495419046918 0
116 -0.5892070304662307 -0.8705169181036058 0
117 -0.5925216239449794 0.8745968499344869 0
$EndNodes
$Elements
249
1 15 2 0 1 1
2 15 2 0 2 2
3 15 2 0 3 3
4 15 2 0 4 4
5 15 2 0 5 5
6 15 2 0 6 6
7 15 2 0 7 7
8 15 2 0 8 8
9 15 2 0 9 9
10 15 2 0 10 10
11 15 2 0 11 11
12 1 2 0 1 1 12
13 1 2 0 1 12 13
14 1 2 0 1 13 2
15 1 2 0 2 3 14
16 1 2 0 2 14 15
17 1 2 0 2 15 16
18 1 2 0 2 16 17
19 1 2 0 2 17 2
20 1 2 0 3 4 18
21 1 2 0 3 18 19
22 1 2 0 3 19 20
23 1 2 0 3 20 21
24 1 2 0 3 21 22
25 1 2 0 3 22 23
26 1 2 0 3 23 3
27 1 2 0 4 5 24
28 1 2 0 4 24 25
29 1 2 0 4 25 26
30 1 2 0 4 26 27
31 1 2 0 4 27 4
32 1 2 0 5 5 28
33 1 2 0 5 28 29
34 1 2 0 5 29 6
35 1 2 0 6 7 6
36 1 2 0 7 8 30
37 1 2 0 7 30 31
38 1 2 0 7 31 32
39 1 2 0 7 32 33
40 1 2 0 7 33 34
41 1 2 0 7 34 35
42 1 2 0 7 35 7
43 1 2 0 8 1 8
44 1 2 0 9 9 36
45 1 2 0 9 36 37
46 1 2 0 9 37 38
47 1 2 0 9 38 39
48 1 2 0 9 39 40
49 1 2 0 9 40 41
50 1 2 0 9 41 9
51 1 2 0 10 10 42
52 1 2 0 10 42 43
53 1 2 0 10 43 44
54 1 2 0 10 44 45
55 1 2 0 10 45 46
56 1 2 0 10 46 47
57 1 2 0 10 47 10
58 1 2 0 11 11 48
59 1 2 0 11 48 49
60 1 2 0 11 49 50
61 1 2 0 11 50 51
62 1 2 0 11 51 52
63 1 2 0 11 52 53
64 1 2 0 11 53 11
65 2 2 0 7 22 111 100
66 2 2 0 7 32 103 102
67 2 2 0 7 4 87 27
68 2 2 0 7 14 88 3
69 2 2 0 7 18 87 4
70 2 2 0 7 3 88 23
71 2 2 0 7 63 84 74
72 2 2 0 7 75 85 62
73 2 2 0 7 22 100 21
74 2 2 0 7 63 74 71
75 2 2 0 7 73 75 62
76 2 2 0 7 44 87 18
77 2 2 0 7 23 88 39
78 2 2 0 7 74 84 34
79 2 2 0 7 31 85 75
80 2 2 0 7 69 89 86
81 2 2 0 7 66 114 54
82 2 2 0 7 54 93 66
83 2 2 0 7 18 110 44
84 2 2 0 7 39 111 23
85 2 2 0 7 70 89 69
86 2 2 0 7 45 99 46
87 2 2 0 7 80 90 72
88 2 2 0 7 35 74 34
89 2 2 0 7 31 75 30
90 2 2 0 7 80 108 90
91 2 2 0 7 55 107 81
92 2 2 0 7 33 103 32
93 2 2 0 7 70 101 89
94 2 2 0 7 68 109 56
95 2 2 0 7 71 82 63
96 2 2 0 7 62 83 73
97 2 2 0 7 81 93 55
98 2 2 0 7 56 92 68
99 2 2 0 7 46 99 78
100 2 2 0 7 46 78 77
101 2 2 0 7 89 101 17
102 2 2 0 7 78 99 98
103 2 2 0 7 76 80 24
104 2 2 0 7 49 82 55
105 2 2 0 7 56 83 52
106 2 2 0 7 77 112 46
107 2 2 0 7 50 93 54
108 2 2 0 7 63 82 49
109 2 2 0 7 52 83 62
110 2 2 0 7 76 108 80
111 2 2 0 7 54 92 51
112 2 2 0 7 25 76 24
113 2 2 0 7 98 99 20
114 2 2 0 7 21 100 98
115 2 2 0 7 67 114 66
116 2 2 0 7 32 85 31
117 2 2 0 7 34 84 33
118 2 2 0 7 28 72 71
119 2 2 0 7 2 89 17
120 2 2 0 7 32 102 85
121 2 2 0 7 84 103 33
122 2 2 0 7 24 80 5
123 2 2 0 7 28 71 29
124 2 2 0 7 12 73 13
125 2 2 0 7 69 109 68
126 2 2 0 7 45 110 99
127 2 2 0 7 81 107 90
128 2 2 0 7 67 91 79
129 2 2 0 7 55 93 50
130 2 2 0 7 68 79 60
131 2 2 0 7 6 97 7
132 2 2 0 7 8 96 1
133 2 2 0 7 72 82 71
134 2 2 0 7 51 92 56
135 2 2 0 7 28 80 72
136 2 2 0 7 65 67 66
137 2 2 0 7 36 57 37
138 2 2 0 7 50 54 51
139 2 2 0 7 65 66 58
140 2 2 0 7 47 65 58
141 2 2 0 7 47 58 10
142 2 2 0 7 9 60 36
143 2 2 0 7 51 56 52
144 2 2 0 7 49 55 50
145 2 2 0 7 86 89 13
146 2 2 0 7 66 81 58
147 2 2 0 7 61 68 60
148 2 2 0 7 57 77 64
149 2 2 0 7 58 59 10
150 2 2 0 7 9 61 60
151 2 2 0 7 5 80 28
152 2 2 0 7 35 97 74
153 2 2 0 7 75 96 30
154 2 2 0 7 52 62 53
155 2 2 0 7 48 63 49
156 2 2 0 7 61 69 68
157 2 2 0 7 58 81 59
158 2 2 0 7 73 86 13
159 2 2 0 7 36 91 57
160 2 2 0 7 60 91 36
161 2 2 0 7 12 75 73
162 2 2 0 7 71 74 29
163 2 2 0 7 13 89 2
164 2 2 0 7 67 95 91
165 2 2 0 7 77 78 64
166 2 2 0 7 41 94 9
167 2 2 0 7 79 91 60
168 2 2 0 7 81 90 59
169 2 2 0 7 83 86 73
170 2 2 0 7 61 70 69
171 2 2 0 7 54 114 92
172 2 2 0 7 57 95 77
173 2 2 0 7 21 98 20
174 2 2 0 7 57 64 37
175 2 2 0 7 9 94 61
176 2 2 0 7 16 105 15
177 2 2 0 7 26 104 25
178 2 2 0 7 43 87 44
179 2 2 0 7 39 88 40
180 2 2 0 7 20 99 19
181 2 2 0 7 30 96 8
182 2 2 0 7 7 97 35
183 2 2 0 7 68 92 79
184 2 2 0 7 65 95 67
185 2 2 0 7 65 112 95
186 2 2 0 7 99 110 19
187 2 2 0 7 19 110 18
188 2 2 0 7 23 111 22
189 2 2 0 7 66 93 81
190 2 2 0 7 62 85 53
191 2 2 0 7 48 84 63
192 2 2 0 7 95 112 77
193 2 2 0 7 25 113 76
194 2 2 0 7 91 95 57
195 2 2 0 7 16 115 105
196 2 2 0 7 1 96 12
197 2 2 0 7 29 97 6
198 2 2 0 7 92 114 79
199 2 2 0 7 104 113 25
200 2 2 0 7 46 112 47
201 2 2 0 7 72 107 82
202 2 2 0 7 74 97 29
203 2 2 0 7 12 96 75
204 2 2 0 7 61 94 70
205 2 2 0 7 17 101 16
206 2 2 0 7 79 114 67
207 2 2 0 7 37 100 38
208 2 2 0 7 42 104 43
209 2 2 0 7 40 105 41
210 2 2 0 7 15 116 14
211 2 2 0 7 27 117 26
212 2 2 0 7 83 109 86
213 2 2 0 7 59 106 10
214 2 2 0 7 78 98 64
215 2 2 0 7 86 109 69
216 2 2 0 7 82 107 55
217 2 2 0 7 10 106 42
218 2 2 0 7 56 109 83
219 2 2 0 7 11 103 48
220 2 2 0 7 53 102 11
221 2 2 0 7 59 108 106
222 2 2 0 7 47 112 65
223 2 2 0 7 44 110 45
224 2 2 0 7 38 111 39
225 2 2 0 7 90 107 72
226 2 2 0 7 64 100 37
227 2 2 0 7 90 108 59
228 2 2 0 7 94 101 70
229 2 2 0 7 98 100 64
230 2 2 0 7 48 103 84
231 2 2 0 7 85 102 53
232 2 2 0 7 106 108 76
233 2 2 0 7 87 117 27
234 2 2 0 7 14 116 88
235 2 2 0 7 43 117 87
236 2 2 0 7 88 116 40
237 2 2 0 7 41 115 94
238 2 2 0 7 106 113 42
239 2 2 0 7 104 117 43
240 2 2 0 7 40 116 105
241 2 2 0 7 101 115 16
242 2 2 0 7 105 115 41
243 2 2 0 7 42 113 104
244 2 2 0 7 94 115 101
245 2 2 0 7 76 113 106
246 2 2 0 7 105 116 15
247 2 2 0 7 26 117 104
248 2 2 0 7 100 111 38
249 2 2 0 7 102 103 11
$EndElements
$Periodic
3
0 7 4
Affine 1 0 0 2 0 1 0 0 0 0 1 0 0 0 0 1
1
7 4
0 8 3
Affine 1 0 0 2 0 1 0 0 0 0 1 0 0 0 0 1
1
8 3
1 7 3
Affine 1 0 0 2 0 1 0 0 0 0 1 0 0 0 0 1
8
7 4
8 3
30 23
31 22
32 21
33 20
34 19
35 18
$EndPeriodic
