$MeshFormat
2.2 0 8
$EndMeshFormat
$PhysicalNames
12
1 1 "bottom left"
1 2 "bottom concave"
1 3 "bottom right"
1 4 "right"
1 5 "top right"
1 6 "top concave"
1 7 "top left"
1 8 "left"
1 9 "interior porous 1"
1 10 "interior porous 2"
1 11 "interior porous 3"
2 12 "2D Domain"
$EndPhysicalNames
$Nodes
289
1 -1 -1 0
2 0.276393202250021 -1 0
3 0.3190983005625052 -0.8685672219702165 0
4 0.4309016994374947 -0.78733729791199 0
5 0.5690983005625052 -0.7873372979119899 0
6 0.6809016994374948 -0.8685672219702165 0
7 0.7236067977499789 -1 0
8 1 -1 0
9 1 1 0
10 0.7236067977499789 1 0
11 0.6809016994374948 0.8685672219702165 0
12 0.5690983005625052 0.78733729791199 0
13 0.4309016994374947 0.7873372979119899 0
14 0.3190983005625053 0.8685672219702165 0
15 0.276393202250021 1 0
16 -1 1 0
17 -0.276393202250021 0.5 0
18 -0.3190983005625052 0.3685672219702166 0
19 -0.4309016994374947 0.28733729791199 0
20 -0.5690983005625052 0.28733729791199 0
21 -0.6809016994374948 0.3685672219702165 0
22 -0.7236067977499789 0.5 0
23 -0.6809016994374948 0.6314327780297834 0
24 -0.5690983005625053 0.71266270208801 0
25 -0.4309016994374948 0.7126627020880101 0
26 -0.3190983005625053 0.6314327780297835 0
27 -0.276393202250021 -0.5 0
28 -0.3190983005625052 -0.6314327780297835 0
29 -0.4309016994374947 -0.71266270208801 0
30 -0.5690983005625052 -0.7126627020880101 0
31 -0.6809016994374948 -0.6314327780297835 0
32 -0.7236067977499789 -0.5 0
33 -0.6809016994374948 -0.3685672219702166 0
34 -0.5690983005625053 -0.28733729791199 0
35 -0.4309016994374948 -0.28733729791199 0
36 -0.3190983005625053 -0.3685672219702165 0
37 0.7236067977499789 0 0
38 0.6809016994374948 -0.1314327780297834 0
39 0.5690983005625052 -0.21266270208801 0
40 0.4309016994374947 -0.21266270208801 0
41 0.3190983005625053 -0.1314327780297835 0
42 0.276393202250021 -2.738393491321013e-17 0
43 0.3190983005625052 0.1314327780297834 0
44 0.4309016994374947 0.21266270208801 0
45 0.5690983005625052 0.21266270208801 0
46 0.6809016994374948 0.1314327780297835 0
47 -0.8723606797751842 -1 0
48 -0.7447213595504247 -1 0
49 -0.6170820393257782 -1 0
50 -0.4894427191011795 -1 0
51 -0.3618033988765503 -1 0
52 -0.2341640786512016 -1 0
53 -0.1065247584258744 -1 0
54 0.02111456179943527 -1 0
55 0.1487538820247274 -1 0
56 0.8618033988745776 -1 0
57 1 -0.8666666666670364 0
58 1 -0.7333333333340729 0
59 1 -0.6000000000011092 0
60 1 -0.4666666666681453 0
61 1 -0.3333333333351814 0
62 1 -0.2000000000022177 0
63 1 -0.06666666666925392 0
64 1 0.06666666666408005 0
65 1 0.1999999999977833 0
66 1 0.3333333333314861 0
67 1 0.4666666666651889 0
68 1 0.5999999999988914 0
69 1 0.7333333333325944 0
70 1 0.8666666666662972 0
71 0.8618033988754014 1 0
72 0.1487538820252193 1 0
73 0.02111456180051735 1 0
74 -0.1065247584241475 1 0
75 -0.2341640786487756 1 0
76 -0.3618033988734232 1 0
77 -0.4894427190987904 1 0
78 -0.6170820393240923 1 0
79 -0.7447213595493771 1 0
80 -0.8723606797746879 1 0
81 -1 0.8666666666670364 0
82 -1 0.7333333333340729 0
83 -1 0.6000000000011092 0
84 -1 0.4666666666681453 0
85 -1 0.3333333333351814 0
86 -1 0.2000000000022177 0
87 -1 0.06666666666925392 0
88 -1 -0.06666666666408005 0
89 -1 -0.1999999999977833 0
90 -1 -0.3333333333314861 0
91 -1 -0.4666666666651889 0
92 -1 -0.5999999999988914 0
93 -1 -0.7333333333325944 0
94 -1 -0.8666666666662972 0
95 0.2985475463710806 0.7352324500176346 0
96 0.304652822218095 -0.2688723237140821 0
97 -0.295092727433484 -0.2531806250037765 0
98 0.1829037398120973 0.1074888705254764 0
99 -0.1858273215421419 -0.5946110848054993 0
100 0.2218009273351333 0.2364438721150556 0
101 0.3004962454831894 -0.7314338460170263 0
102 -0.3115913687838132 0.2326033510620717 0
103 -0.9147350989980572 -0.000384304043033197 0
104 -0.1374617840265595 -0.4716786128442424 0
105 0.1839216267425095 -0.1027000890246151 0
106 -0.1839216267425094 0.602700089024615 0
107 0.871775402717042 0.5373369998000036 0
108 0.8717754027174929 -0.5373369998019512 0
109 0.5047236189716403 -0.6666484261401411 0
110 -0.4999999999999999 0.1676555306210658 0
111 0.4799984502490627 0.3178332451154205 0
112 -0.1839216267425094 0.397299910975385 0
113 -0.04948595439625414 -0.5733334320455689 0
114 -0.006399822103646863 -0.4426465995484714 0
115 -0.03470998429563843 0.8904274468712737 0
116 0.09595852402619211 -0.8797037602042094 0
117 0.09047610379328574 0.206583475809483 0
118 0.1331885253538866 0.3374153398824984 0
119 0.04739509359674749 0.079751528063827 0
120 0.5049711414936857 0.6658142303762693 0
121 0.4973976373384215 -0.3146887481713893 0
122 -0.5000000000000001 -0.1676555306210658 0
123 0.7007008384711597 -0.2857711299559503 0
124 0.7018428041818665 0.2844258174869488 0
125 -0.6985240721649233 -0.2370552459727654 0
126 -0.7001157845670516 0.2321564589168276 0
127 -0.1601155421689264 -0.8931415765203045 0
128 0.08507202373170575 -0.544932840728655 0
129 -0.8760785396682503 0.8053705100226457 0
130 -0.8760785396685374 -0.8053705100221122 0
131 0.6320702728873808 0.6635451343144244 0
132 0.6320290191337021 -0.6636841669417671 0
133 -0.04372662258499796 0.1766674890440615 0
134 -0.08665391096898814 0.04620124131538013 0
135 -0.2150186486284952 0.7577718217718716 0
136 0.2615907568236782 0.3682494228900401 0
137 0.1700740173998425 0.4640064850179289 0
138 -0.09182293001757738 -0.3426461909838509 0
139 0.03532194826920558 -0.3114970476993882 0
140 -0.05212054206601421 -0.2063909163168882 0
141 0.3057659864331508 0.4962678875081025 0
142 0.1939241668344795 0.8068846597979317 0
143 0.04469686821005046 0.4375213130661577 0
144 0.08744955076427066 0.5644038634271553 0
145 0.5687834945284409 -0.5513225804835594 0
146 0.4312205238934342 -0.5596697514702007 0
147 0.5709925557817084 0.5503763339603254 0
148 -0.6812004418823558 -0.8959042226148505 0
149 -0.6812004418810085 0.8959042226145764 0
150 0.04274572311087883 -0.6682865487716102 0
151 0.8824739762554147 -0.7945694956923339 0
152 0.882473976255117 0.7945694956914575 0
153 -0.08584924805583311 0.6959998237768368 0
154 0.8845299461623949 -0.1333333333357358 0
155 0.8845299461619146 0.1333333333309317 0
156 -0.7978315313415356 0.3045866234102212 0
157 -0.7975662459408455 -0.3054030879184416 0
158 -0.7981952163590221 -0.1686568447825551 0
159 -0.6866741503578686 -0.1116184371960258 0
160 -0.7985047159931291 0.1670637961151874 0
161 -0.7105688988201204 0.09544143562776496 0
162 -0.8062921860896131 0.596213101362031 0
163 -0.8062921860895331 -0.5962131013617631 0
164 -0.3076602221070465 -0.767710608173105 0
165 0.7118648213823917 -0.5454926573064913 0
166 0.7137122375534335 0.5441733384163541 0
167 -0.4186424109429724 -0.8665534219905151 0
168 -0.4210835366991995 0.8934018996917223 0
169 0.7753868231665542 -0.6734354667965345 0
170 0.7777874230733263 -0.4142031113238414 0
171 0.775524481324332 0.6733291729538418 0
172 0.785677119562726 0.4239314928327753 0
173 0.02480585668558057 -0.06455109924324988 0
174 0.64433465770687 -0.4293242199727526 0
175 0.8578251945190245 -0.2814062735182062 0
176 0.6464256300764568 0.4298968238100916 0
177 0.8541660987117905 0.2835765950975246 0
178 0.1785091169307272 -0.6621191837487885 0
179 0.2141640730879169 -0.5173229230370127 0
180 -0.1918634725002609 0.1652780038715295 0
181 -0.2216083947174779 0.01650202200910957 0
182 -0.04924800300991146 0.551597136690688 0
183 -0.8581459030197276 0.4718413802959919 0
184 -0.8581459030198226 -0.4718413802959056 0
185 0.1613123501560748 0.6720712888083519 0
186 0.03201122667920629 0.7743689854043949 0
187 -0.09820578836819568 -0.6986546822808043 0
188 -0.1287226100697412 -0.09328371327560214 0
189 0.003586810387535828 0.3057177115401671 0
190 0.1256355193538448 -0.4151612491126063 0
191 0.2035758663033402 -0.8011710507541054 0
192 0.8679233322423062 -1.491297165122164e-12 0
193 0.09561123253023404 0.8979460320316895 0
194 -0.1703444185364616 0.8894611061636739 0
195 -0.2919215856624818 0.8873740610616643 0
196 -0.03969320125569442 -0.8920700444966998 0
197 -0.5527575244682416 0.8967821880579137 0
198 -0.5532623792134789 -0.8894611061637206 0
199 0.1709289255412593 -0.2943968139588924 0
200 0.09850430999954463 -0.1961722403581194 0
201 -0.780355774821798 0.7113747190142803 0
202 -0.7803557748220364 -0.7113747190139024 0
203 0.4204716363689606 0.5470129698182422 0
204 -0.1195588999049046 0.2922906175327469 0
205 -0.2879021717153849 -0.888165880430583 0
206 0.2547568510871914 -0.3910480833663626 0
207 -0.259439957297174 -0.1197693508250269 0
208 -0.3466015941627392 -0.01634348814145681 0
209 -0.8051168975184597 -0.9048322331232589 0
210 -0.8051168975177088 0.9048322331233174 0
211 0.3860289733803336 0.4058057644000614 0
212 -0.1722397852650062 -0.2323086103984356 0
213 -0.315369100099507 0.1096700538297613 0
214 0.9059272404278924 -0.6677350591252004 0
215 0.9059547720592983 0.6677138003553578 0
216 0.3849267673479559 -0.3578189391116393 0
217 0.008802577023666021 -0.7845403461871918 0
218 0.9018710253941919 0.3999999999983374 0
219 0.901871025395352 -0.4000000000016633 0
220 -0.1971522834270895 -0.7896514056440275 0
221 -0.3829920511296927 -0.1497378357276135 0
222 0.7657089576286289 -0.7890859451479206 0
223 0.7657161243378163 0.7890804113158516 0
224 0.2847281961019075 0.6130422740872248 0
225 -0.3415108064531192 0.7792048941285303 0
226 0.3078797212619048 -0.6021829100977149 0
227 0.4951749819665634 -0.4317468896993078 0
228 0.518265944724389 0.4293616463726145 0
229 0.3480204864408277 -0.4766315827970396 0
230 0.8043057958359998 0.8942112957427208 0
231 0.8043046013843489 -0.8942122180482724 0
232 -0.465754891423994 -0.05250923770750939 0
233 -0.5804864512153045 -0.07842765863659276 0
234 -0.5406097265841345 0.04491611437756344 0
235 -0.8950261371878915 0.6676946316152718 0
236 -0.8950261371878848 -0.6676946316144294 0
237 0.7821974547248515 -0.1879217616382664 0
238 0.782197454725912 0.1879217616367503 0
239 -0.42594058960643 0.07588077276609118 0
240 0.02913517530676144 0.6516882196214855 0
241 -0.07573272193859555 0.4140711149675241 0
242 -0.8995040948240974 -0.2477183881640875 0
243 -0.899599892330267 0.2473168026371744 0
244 -0.6134512262008854 0.1379178062425444 0
245 0.3338664994862394 0.2719428049226487 0
246 0.1351092068475526 -4.163336342344337e-17 0
247 0.3878021063414951 0.6651347964074061 0
248 -0.2062399447060464 -0.3785808659854693 0
249 0.2084182669253857 0.9150554448618446 0
250 0.2087559550333571 -0.909888406585706 0
251 -0.5096960382406556 -0.7990265843203963 0
252 -0.4894427190985889 0.8028885553256666 0
253 0.3917400779415292 -0.6640677588182153 0
254 -0.9006365073584961 -0.373463950666308 0
255 -0.9006365073597623 0.373463950668766 0
256 -0.8990192107556718 -0.1099283716542516 0
257 -0.8995030817953925 0.1082484698842874 0
258 -0.6507021249325338 0.01438462336523216 0
259 -0.7947378122514744 -0.0006812040854242106 0
260 -0.1034680779116685 0.8061507819095043 0
261 -0.6227697077487804 -0.8077695354986647 0
262 -0.6193100121004783 0.8096333776486692 0
263 -0.1499514805718342 0.5000000000000001 0
264 0.7878318460634053 -0.09053757460105538 0
265 0.7878318460635212 0.09053757459919483 0
266 0.5973433484249764 -0.3303850273704934 0
267 0.5974596919756154 0.328740114981062 0
268 -0.9087840083070231 0.9087786651199411 0
269 -0.9087840083075329 -0.9087786651200218 0
270 0.1059183614789609 -0.7591641779331811 0
271 -0.6069565948601204 -0.1764188340676879 0
272 0.2281680448247271 -0.1974974759056828 0
273 -0.3963037500448556 0.1788690218726873 0
274 -0.7751532771418271 0.4105427169478735 0
275 -0.775153277141834 -0.410542716947887 0
276 -0.2291593039797345 0.2985578259551309 0
277 0.1977773441647789 0.5645065015452604 0
278 -0.09486558880194279 -0.8075709269188949 0
279 -0.9097071198496056 0.5601858351569912 0
280 -0.9097071198493683 -0.5601858351562534 0
281 0.6719812627189848 -0.7623085015301454 0
282 0.6719909502771227 0.7622954413310419 0
283 0.9097163953028682 -0.9110896760815287 0
284 0.9097166341933036 0.911089491620095 0
285 -0.2311751682640605 -0.6903498646329387 0
286 -0.7440883507432825 -0.8149673429991753 0
287 -0.7437941589358306 0.815125832978167 0
288 -0.6786919891716214 0.736045881951782 0
289 -0.6794427666628199 -0.7356414155259071 0
$EndNodes
$Elements
582
1 1 2 1 1 1 47
2 1 2 1 1 47 48
3 1 2 1 1 48 49
4 1 2 1 1 49 50
5 1 2 1 1 50 51
6 1 2 1 1 51 52
7 1 2 1 1 52 53
8 1 2 1 1 53 54
9 1 2 1 1 54 55
10 1 2 1 1 55 2
11 1 2 2 2 2 3
12 1 2 2 3 3 4
13 1 2 2 4 4 5
14 1 2 2 5 5 6
15 1 2 2 6 6 7
16 1 2 3 7 7 56
17 1 2 3 7 56 8
18 1 2 4 8 8 57
19 1 2 4 8 57 58
20 1 2 4 8 58 59
21 1 2 4 8 59 60
22 1 2 4 8 60 61
23 1 2 4 8 61 62
24 1 2 4 8 62 63
25 1 2 4 8 63 64
26 1 2 4 8 64 65
27 1 2 4 8 65 66
28 1 2 4 8 66 67
29 1 2 4 8 67 68
30 1 2 4 8 68 69
31 1 2 4 8 69 70
32 1 2 4 8 70 9
33 1 2 5 9 9 71
34 1 2 5 9 71 10
35 1 2 6 10 10 11
36 1 2 6 11 11 12
37 1 2 6 12 12 13
38 1 2 6 13 13 14
39 1 2 6 14 14 15
40 1 2 7 15 15 72
41 1 2 7 15 72 73
42 1 2 7 15 73 74
43 1 2 7 15 74 75
44 1 2 7 15 75 76
45 1 2 7 15 76 77
46 1 2 7 15 77 78
47 1 2 7 15 78 79
48 1 2 7 15 79 80
49 1 2 7 15 80 16
50 1 2 8 16 16 81
51 1 2 8 16 81 82
52 1 2 8 16 82 83
53 1 2 8 16 83 84
54 1 2 8 16 84 85
55 1 2 8 16 85 86
56 1 2 8 16 86 87
57 1 2 8 16 87 88
58 1 2 8 16 88 89
59 1 2 8 16 89 90
60 1 2 8 16 90 91
61 1 2 8 16 91 92
62 1 2 8 16 92 93
63 1 2 8 16 93 94
64 1 2 8 16 94 1
65 1 2 9 17 17 18
66 1 2 9 18 18 19
67 1 2 9 19 19 20
68 1 2 9 20 20 21
69 1 2 9 21 21 22
70 1 2 9 22 22 23
71 1 2 9 23 23 24
72 1 2 9 24 24 25
73 1 2 9 25 25 26
74 1 2 9 26 26 17
75 1 2 10 27 27 28
76 1 2 10 28 28 29
77 1 2 10 29 29 30
78 1 2 10 30 30 31
79 1 2 10 31 31 32
80 1 2 10 32 32 33
81 1 2 10 33 33 34
82 1 2 10 34 34 35
83 1 2 10 35 35 36
84 1 2 10 36 36 27
85 1 2 11 37 37 38
86 1 2 11 38 38 39
87 1 2 11 39 39 40
88 1 2 11 40 40 41
89 1 2 11 41 41 42
90 1 2 11 42 42 43
91 1 2 11 43 43 44
92 1 2 11 44 44 45
93 1 2 11 45 45 46
94 1 2 11 46 46 37
95 2 2 12 1 170 123 174
96 2 2 12 1 186 115 260
97 2 2 12 1 108 165 169
98 2 2 12 1 166 107 171
99 2 2 12 1 164 29 167
100 2 2 12 1 167 29 251
101 2 2 12 1 65 66 177
102 2 2 12 1 61 62 175
103 2 2 12 1 153 186 260
104 2 2 12 1 155 65 177
105 2 2 12 1 62 154 175
106 2 2 12 1 160 257 259
107 2 2 12 1 135 194 195
108 2 2 12 1 124 172 176
109 2 2 12 1 123 170 175
110 2 2 12 1 172 124 177
111 2 2 12 1 165 108 170
112 2 2 12 1 107 166 172
113 2 2 12 1 161 160 259
114 2 2 12 1 256 158 259
115 2 2 12 1 105 173 200
116 2 2 12 1 158 159 259
117 2 2 12 1 173 105 246
118 2 2 12 1 115 186 193
119 2 2 12 1 174 123 266
120 2 2 12 1 164 167 205
121 2 2 12 1 101 178 191
122 2 2 12 1 212 97 248
123 2 2 12 1 111 211 245
124 2 2 12 1 153 106 182
125 2 2 12 1 171 107 215
126 2 2 12 1 108 169 214
127 2 2 12 1 97 36 248
128 2 2 12 1 169 151 214
129 2 2 12 1 152 171 215
130 2 2 12 1 135 195 225
131 2 2 12 1 44 111 245
132 2 2 12 1 151 169 222
133 2 2 12 1 171 152 223
134 2 2 12 1 188 207 212
135 2 2 12 1 186 153 240
136 2 2 12 1 227 216 229
137 2 2 12 1 257 103 259
138 2 2 12 1 140 173 188
139 2 2 12 1 205 127 220
140 2 2 12 1 194 135 260
141 2 2 12 1 144 185 240
142 2 2 12 1 185 186 240
143 2 2 12 1 173 140 200
144 2 2 12 1 153 182 240
145 2 2 12 1 164 205 220
146 2 2 12 1 103 256 259
147 2 2 12 1 146 227 229
148 2 2 12 1 191 178 270
149 2 2 12 1 102 180 276
150 2 2 12 1 140 188 212
151 2 2 12 1 61 175 219
152 2 2 12 1 177 66 218
153 2 2 12 1 243 86 257
154 2 2 12 1 89 242 256
155 2 2 12 1 165 170 174
156 2 2 12 1 40 96 216
157 2 2 12 1 121 40 216
158 2 2 12 1 122 35 221
159 2 2 12 1 176 228 267
160 2 2 12 1 141 203 224
161 2 2 12 1 180 204 276
162 2 2 12 1 35 97 221
163 2 2 12 1 225 168 252
164 2 2 12 1 224 203 247
165 2 2 12 1 172 166 176
166 2 2 12 1 160 243 257
167 2 2 12 1 242 158 256
168 2 2 12 1 227 174 266
169 2 2 12 1 166 147 176
170 2 2 12 1 124 176 267
171 2 2 12 1 228 111 267
172 2 2 12 1 203 141 211
173 2 2 12 1 121 227 266
174 2 2 12 1 37 192 265
175 2 2 12 1 192 37 264
176 2 2 12 1 234 244 258
177 2 2 12 1 155 177 238
178 2 2 12 1 175 154 237
179 2 2 12 1 176 147 228
180 2 2 12 1 244 161 258
181 2 2 12 1 180 102 213
182 2 2 12 1 150 113 187
183 2 2 12 1 135 106 153
184 2 2 12 1 207 97 212
185 2 2 12 1 226 146 229
186 2 2 12 1 95 14 142
187 2 2 12 1 28 29 164
188 2 2 12 1 26 106 135
189 2 2 12 1 22 162 183
190 2 2 12 1 163 32 184
191 2 2 12 1 126 156 160
192 2 2 12 1 157 125 158
193 2 2 12 1 113 99 187
194 2 2 12 1 126 21 156
195 2 2 12 1 33 125 157
196 2 2 12 1 185 142 186
197 2 2 12 1 186 142 193
198 2 2 12 1 95 142 185
199 2 2 12 1 128 113 150
200 2 2 12 1 165 132 169
201 2 2 12 1 131 166 171
202 2 2 12 1 22 23 162
203 2 2 12 1 31 32 163
204 2 2 12 1 145 132 165
205 2 2 12 1 131 147 166
206 2 2 12 1 27 28 99
207 2 2 12 1 143 137 144
208 2 2 12 1 109 5 132
209 2 2 12 1 12 120 131
210 2 2 12 1 20 21 126
211 2 2 12 1 33 34 125
212 2 2 12 1 38 39 123
213 2 2 12 1 45 46 124
214 2 2 12 1 158 125 159
215 2 2 12 1 109 132 145
216 2 2 12 1 131 120 147
217 2 2 12 1 27 99 104
218 2 2 12 1 128 150 178
219 2 2 12 1 143 144 182
220 2 2 12 1 126 160 161
221 2 2 12 1 145 165 174
222 2 2 12 1 107 172 218
223 2 2 12 1 170 108 219
224 2 2 12 1 104 99 113
225 2 2 12 1 173 134 188
226 2 2 12 1 119 134 173
227 2 2 12 1 134 181 188
228 2 2 12 1 3 4 101
229 2 2 12 1 34 35 122
230 2 2 12 1 35 36 97
231 2 2 12 1 4 5 109
232 2 2 12 1 12 13 120
233 2 2 12 1 117 118 189
234 2 2 12 1 133 117 189
235 2 2 12 1 19 20 110
236 2 2 12 1 41 42 105
237 2 2 12 1 118 100 136
238 2 2 12 1 137 136 141
239 2 2 12 1 44 45 111
240 2 2 12 1 118 136 137
241 2 2 12 1 119 133 134
242 2 2 12 1 13 14 95
243 2 2 12 1 17 18 112
244 2 2 12 1 26 17 106
245 2 2 12 1 42 43 98
246 2 2 12 1 98 117 119
247 2 2 12 1 118 137 143
248 2 2 12 1 134 133 180
249 2 2 12 1 134 180 181
250 2 2 12 1 18 19 102
251 2 2 12 1 39 40 121
252 2 2 12 1 40 41 96
253 2 2 12 1 98 43 100
254 2 2 12 1 119 117 133
255 2 2 12 1 118 143 189
256 2 2 12 1 98 100 117
257 2 2 12 1 117 100 118
258 2 2 12 1 203 211 228
259 2 2 12 1 138 139 140
260 2 2 12 1 138 114 139
261 2 2 12 1 26 135 225
262 2 2 12 1 139 114 190
263 2 2 12 1 114 113 128
264 2 2 12 1 114 128 190
265 2 2 12 1 109 145 146
266 2 2 12 1 104 114 138
267 2 2 12 1 128 179 190
268 2 2 12 1 25 225 252
269 2 2 12 1 104 113 114
270 2 2 12 1 93 94 130
271 2 2 12 1 81 82 129
272 2 2 12 1 67 68 107
273 2 2 12 1 87 88 103
274 2 2 12 1 59 60 108
275 2 2 12 1 6 7 231
276 2 2 12 1 10 11 230
277 2 2 12 1 128 178 179
278 2 2 12 1 64 65 155
279 2 2 12 1 69 70 152
280 2 2 12 1 63 64 192
281 2 2 12 1 62 63 154
282 2 2 12 1 57 58 151
283 2 2 12 1 3 101 191
284 2 2 12 1 52 53 127
285 2 2 12 1 73 74 115
286 2 2 12 1 150 187 217
287 2 2 12 1 74 75 194
288 2 2 12 1 53 54 196
289 2 2 12 1 139 190 199
290 2 2 12 1 25 26 225
291 2 2 12 1 64 155 192
292 2 2 12 1 154 63 192
293 2 2 12 1 75 76 195
294 2 2 12 1 72 73 193
295 2 2 12 1 54 55 116
296 2 2 12 1 78 79 149
297 2 2 12 1 48 49 148
298 2 2 12 1 77 78 197
299 2 2 12 1 49 50 198
300 2 2 12 1 76 77 168
301 2 2 12 1 50 51 167
302 2 2 12 1 139 199 200
303 2 2 12 1 175 170 219
304 2 2 12 1 172 177 218
305 2 2 12 1 133 189 204
306 2 2 12 1 200 199 272
307 2 2 12 1 162 23 201
308 2 2 12 1 31 163 202
309 2 2 12 1 195 168 225
310 2 2 12 1 127 53 196
311 2 2 12 1 140 139 200
312 2 2 12 1 115 74 194
313 2 2 12 1 73 115 193
314 2 2 12 1 194 75 195
315 2 2 12 1 105 200 272
316 2 2 12 1 54 116 196
317 2 2 12 1 147 120 203
318 2 2 12 1 199 190 206
319 2 2 12 1 76 168 195
320 2 2 12 1 96 199 206
321 2 2 12 1 78 149 197
322 2 2 12 1 148 49 198
323 2 2 12 1 168 77 197
324 2 2 12 1 50 167 198
325 2 2 12 1 178 101 226
326 2 2 12 1 52 127 205
327 2 2 12 1 180 133 204
328 2 2 12 1 181 180 213
329 2 2 12 1 51 52 205
330 2 2 12 1 204 189 241
331 2 2 12 1 116 191 270
332 2 2 12 1 146 226 253
333 2 2 12 1 207 181 208
334 2 2 12 1 167 51 205
335 2 2 12 1 234 232 239
336 2 2 12 1 59 108 214
337 2 2 12 1 107 68 215
338 2 2 12 1 91 184 254
339 2 2 12 1 183 84 255
340 2 2 12 1 151 58 214
341 2 2 12 1 69 152 215
342 2 2 12 1 187 99 285
343 2 2 12 1 149 79 210
344 2 2 12 1 48 148 209
345 2 2 12 1 190 179 206
346 2 2 12 1 135 153 260
347 2 2 12 1 188 181 207
348 2 2 12 1 67 107 218
349 2 2 12 1 108 60 219
350 2 2 12 1 47 48 209
351 2 2 12 1 79 80 210
352 2 2 12 1 112 204 241
353 2 2 12 1 145 174 227
354 2 2 12 1 20 126 244
355 2 2 12 1 123 175 237
356 2 2 12 1 177 124 238
357 2 2 12 1 71 10 230
358 2 2 12 1 7 56 231
359 2 2 12 1 82 83 235
360 2 2 12 1 92 93 236
361 2 2 12 1 143 182 241
362 2 2 12 1 110 20 244
363 2 2 12 1 119 173 246
364 2 2 12 1 169 132 281
365 2 2 12 1 131 171 282
366 2 2 12 1 43 44 245
367 2 2 12 1 42 98 246
368 2 2 12 1 100 43 245
369 2 2 12 1 105 42 246
370 2 2 12 1 13 95 247
371 2 2 12 1 120 13 247
372 2 2 12 1 36 27 248
373 2 2 12 1 137 141 277
374 2 2 12 1 27 104 248
375 2 2 12 1 121 216 227
376 2 2 12 1 88 89 256
377 2 2 12 1 86 87 257
378 2 2 12 1 90 91 254
379 2 2 12 1 84 85 255
380 2 2 12 1 184 91 280
381 2 2 12 1 84 183 279
382 2 2 12 1 191 116 250
383 2 2 12 1 141 136 211
384 2 2 12 1 16 81 268
385 2 2 12 1 94 1 269
386 2 2 12 1 138 140 212
387 2 2 12 1 217 116 270
388 2 2 12 1 220 187 285
389 2 2 12 1 58 59 214
390 2 2 12 1 68 69 215
391 2 2 12 1 80 16 268
392 2 2 12 1 1 47 269
393 2 2 12 1 72 193 249
394 2 2 12 1 116 55 250
395 2 2 12 1 193 142 249
396 2 2 12 1 182 144 240
397 2 2 12 1 208 181 213
398 2 2 12 1 201 129 235
399 2 2 12 1 130 202 236
400 2 2 12 1 159 125 271
401 2 2 12 1 233 232 234
402 2 2 12 1 162 201 235
403 2 2 12 1 202 163 236
404 2 2 12 1 160 156 243
405 2 2 12 1 157 158 242
406 2 2 12 1 129 201 287
407 2 2 12 1 202 130 286
408 2 2 12 1 217 187 278
409 2 2 12 1 101 4 253
410 2 2 12 1 4 109 253
411 2 2 12 1 14 15 249
412 2 2 12 1 2 3 250
413 2 2 12 1 222 169 281
414 2 2 12 1 171 223 282
415 2 2 12 1 66 67 218
416 2 2 12 1 60 61 219
417 2 2 12 1 91 92 280
418 2 2 12 1 83 84 279
419 2 2 12 1 211 136 245
420 2 2 12 1 138 212 248
421 2 2 12 1 182 106 263
422 2 2 12 1 241 182 263
423 2 2 12 1 207 208 221
424 2 2 12 1 141 224 277
425 2 2 12 1 96 206 216
426 2 2 12 1 210 129 287
427 2 2 12 1 130 209 286
428 2 2 12 1 95 185 224
429 2 2 12 1 196 116 217
430 2 2 12 1 179 178 226
431 2 2 12 1 146 145 227
432 2 2 12 1 232 208 239
433 2 2 12 1 235 83 279
434 2 2 12 1 92 236 280
435 2 2 12 1 124 46 238
436 2 2 12 1 38 123 237
437 2 2 12 1 110 234 239
438 2 2 12 1 179 226 229
439 2 2 12 1 142 14 249
440 2 2 12 1 106 17 263
441 2 2 12 1 17 112 263
442 2 2 12 1 56 8 283
443 2 2 12 1 9 71 284
444 2 2 12 1 129 82 235
445 2 2 12 1 93 130 236
446 2 2 12 1 233 159 271
447 2 2 12 1 24 25 252
448 2 2 12 1 29 30 251
449 2 2 12 1 222 6 231
450 2 2 12 1 11 223 230
451 2 2 12 1 97 207 221
452 2 2 12 1 8 57 283
453 2 2 12 1 70 9 284
454 2 2 12 1 189 143 241
455 2 2 12 1 192 155 265
456 2 2 12 1 154 192 264
457 2 2 12 1 147 203 228
458 2 2 12 1 89 90 242
459 2 2 12 1 85 86 243
460 2 2 12 1 123 39 266
461 2 2 12 1 3 191 250
462 2 2 12 1 109 146 253
463 2 2 12 1 37 38 264
464 2 2 12 1 46 37 265
465 2 2 12 1 39 121 266
466 2 2 12 1 178 150 270
467 2 2 12 1 126 161 244
468 2 2 12 1 185 144 277
469 2 2 12 1 136 100 245
470 2 2 12 1 98 119 246
471 2 2 12 1 45 124 267
472 2 2 12 1 234 110 244
473 2 2 12 1 104 138 248
474 2 2 12 1 111 45 267
475 2 2 12 1 206 179 229
476 2 2 12 1 15 72 249
477 2 2 12 1 55 2 250
478 2 2 12 1 122 232 233
479 2 2 12 1 211 111 228
480 2 2 12 1 127 196 278
481 2 2 12 1 152 70 284
482 2 2 12 1 57 151 283
483 2 2 12 1 216 206 229
484 2 2 12 1 130 94 269
485 2 2 12 1 81 129 268
486 2 2 12 1 203 120 247
487 2 2 12 1 102 19 273
488 2 2 12 1 19 110 273
489 2 2 12 1 125 34 271
490 2 2 12 1 41 105 272
491 2 2 12 1 96 41 272
492 2 2 12 1 28 164 285
493 2 2 12 1 103 88 256
494 2 2 12 1 87 103 257
495 2 2 12 1 122 221 232
496 2 2 12 1 34 122 271
497 2 2 12 1 183 162 279
498 2 2 12 1 163 184 280
499 2 2 12 1 233 234 258
500 2 2 12 1 262 287 288
501 2 2 12 1 286 261 289
502 2 2 12 1 156 21 274
503 2 2 12 1 33 157 275
504 2 2 12 1 22 183 274
505 2 2 12 1 184 32 275
506 2 2 12 1 99 28 285
507 2 2 12 1 144 137 277
508 2 2 12 1 112 18 276
509 2 2 12 1 18 102 276
510 2 2 12 1 21 22 274
511 2 2 12 1 32 33 275
512 2 2 12 1 23 24 288
513 2 2 12 1 30 31 289
514 2 2 12 1 24 252 262
515 2 2 12 1 251 30 261
516 2 2 12 1 5 6 281
517 2 2 12 1 11 12 282
518 2 2 12 1 132 5 281
519 2 2 12 1 12 131 282
520 2 2 12 1 198 167 251
521 2 2 12 1 168 197 252
522 2 2 12 1 115 194 260
523 2 2 12 1 221 208 232
524 2 2 12 1 208 213 239
525 2 2 12 1 262 149 287
526 2 2 12 1 148 261 286
527 2 2 12 1 199 96 272
528 2 2 12 1 151 222 231
529 2 2 12 1 223 152 230
530 2 2 12 1 255 156 274
531 2 2 12 1 157 254 275
532 2 2 12 1 148 198 261
533 2 2 12 1 197 149 262
534 2 2 12 1 198 251 261
535 2 2 12 1 252 197 262
536 2 2 12 1 183 255 274
537 2 2 12 1 254 184 275
538 2 2 12 1 112 241 263
539 2 2 12 1 162 235 279
540 2 2 12 1 236 163 280
541 2 2 12 1 204 112 276
542 2 2 12 1 220 127 278
543 2 2 12 1 201 23 288
544 2 2 12 1 31 202 289
545 2 2 12 1 209 130 269
546 2 2 12 1 129 210 268
547 2 2 12 1 149 210 287
548 2 2 12 1 209 148 286
549 2 2 12 1 47 209 269
550 2 2 12 1 210 80 268
551 2 2 12 1 196 217 278
552 2 2 12 1 95 224 247
553 2 2 12 1 213 102 273
554 2 2 12 1 38 237 264
555 2 2 12 1 238 46 265
556 2 2 12 1 159 233 258
557 2 2 12 1 226 101 253
558 2 2 12 1 230 152 284
559 2 2 12 1 151 231 283
560 2 2 12 1 258 161 259
561 2 2 12 1 243 156 255
562 2 2 12 1 157 242 254
563 2 2 12 1 122 233 271
564 2 2 12 1 159 258 259
565 2 2 12 1 242 90 254
566 2 2 12 1 85 243 255
567 2 2 12 1 239 213 273
568 2 2 12 1 237 154 264
569 2 2 12 1 155 238 265
570 2 2 12 1 164 220 285
571 2 2 12 1 150 217 270
572 2 2 12 1 224 185 277
573 2 2 12 1 187 220 278
574 2 2 12 1 6 222 281
575 2 2 12 1 223 11 282
576 2 2 12 1 110 239 273
577 2 2 12 1 202 286 289
578 2 2 12 1 287 201 288
579 2 2 12 1 71 230 284
580 2 2 12 1 231 56 283
581 2 2 12 1 261 30 289
582 2 2 12 1 24 262 288
$EndElements
