$MeshFormat
2.2 0 8
$EndMeshFormat
$PhysicalNames
9
1 1 "bottom left"
1 2 "bottom concave"
1 3 "bottom right"
1 4 "right"
1 5 "top right"
1 6 "top concave"
1 7 "top left"
1 8 "left"
2 9 "2D Domain"
$EndPhysicalNames
$Nodes
202
1 -1 -1 0
2 0.276393202250021 -1 0
3 0.341886116991581 -0.841886116991581 0
4 0.5 -0.7763932022500211 0
5 0.658113883008419 -0.841886116991581 0
6 0.7236067977499789 -1 0
7 1 -1 0
8 1 1 0
9 0.7236067977499789 1 0
10 0.658113883008419 0.841886116991581 0
11 0.5 0.7763932022500211 0
12 0.341886116991581 0.841886116991581 0
13 0.276393202250021 1 0
14 -1 1 0
15 -0.8404508497189809 -1 0
16 -0.6809016994381137 -1 0
17 -0.5213525491573332 -1 0
18 -0.3618033988765528 -1 0
19 -0.2022542485948392 -1 0
20 -0.0427050983132119 -1 0
21 0.1168440519684588 -1 0
22 0.8618033988745772 -1 0
23 1 -0.8333333333337956 0
24 1 -0.6666666666675911 0
25 1 -0.500000000001387 0
26 1 -0.3333333333351829 0
27 1 -0.1666666666689788 0
28 1 -2.753131056465463e-12 0
29 1 0.1666666666643544 0
30 1 0.3333333333314834 0
31 1 0.4999999999986127 0
32 1 0.6666666666657419 0
33 1 0.8333333333328707 0
34 0.8618033988754017 1 0
35 0.1168440519690169 1 0
36 -0.04270509831181374 1 0
37 -0.2022542485926281 1 0
38 -0.3618033988734208 1 0
39 -0.5213525491551576 1 0
40 -0.6809016994367425 1 0
41 -0.8404508497184147 1 0
42 -1 0.8333333333337956 0
43 -1 0.6666666666675911 0
44 -1 0.500000000001387 0
45 -1 0.3333333333351829 0
46 -1 0.1666666666689788 0
47 -1 2.753131056465463e-12 0
48 -1 -0.1666666666643544 0
49 -1 -0.3333333333314834 0
50 -1 -0.4999999999986127 0
51 -1 -0.6666666666657419 0
52 -1 -0.8333333333328707 0
53 -0.8624781253957363 -0.08284336267269782 0
54 0.3634263230582905 0.6791145821148259 0
55 0.36377336091131 -0.6716487891655656 0
56 -0.2784456164724202 0.8733395040880595 0
57 -0.2852061423094067 -0.8711971444630563 0
58 0.8660795818421165 0.07072957260820975 0
59 -0.8787918033073085 0.441942103425385 0
60 -0.8598374448356039 -0.4166661004687408 0
61 0.857134676122256 -0.263009341111737 0
62 0.8648897085431879 0.4110699185225681 0
63 -0.5917563676497239 0.8642444498685796 0
64 -0.599702735650117 -0.864581350247476 0
65 0.03270059352774146 0.8694058082319605 0
66 0.06283536844206597 -0.8693458829008264 0
67 0.5306567639146167 -0.6039696946836072 0
68 0.3874378768711567 -0.5024899815802978 0
69 0.2287653016411795 -0.5668356984167013 0
70 0.2510969787451239 -0.3995008185086288 0
71 0.09514155637868343 -0.4634498217263668 0
72 0.117392363987935 -0.2968871256996625 0
73 -0.03765234973823602 -0.3609643289793971 0
74 -0.0152412185342467 -0.1947744786141529 0
75 0.1393532971050993 -0.130779847480767 0
76 0.006789406943971768 -0.02886902215737975 0
77 -0.1472878774471349 -0.09270553733673412 0
78 -0.1252528154053909 0.07257102834540349 0
79 0.1610257932363465 0.03503901284058883 0
80 -0.2813322541790388 0.008140452870750119 0
81 -0.256982592326496 0.1734532433033351 0
82 -0.3037400314423567 -0.1584810078104052 0
83 -0.1037027498008661 0.2367786408161245 0
84 0.294067002897841 -0.06659465674046414 0
85 0.3156861880065135 0.09960974790905117 0
86 -0.2345137978270515 0.3377247082066257 0
87 -0.4177303520974383 0.1052184746910842 0
88 -0.08191792917849078 0.400589606917558 0
89 0.4490739660784051 -0.002288211541974162 0
90 0.47066976985426 0.164332552500538 0
91 0.3371960042035773 0.2658640641092944 0
92 0.4923710752047906 0.3313570387536462 0
93 -0.06034125119823644 -0.5264012354584758 0
94 -0.2124718883446268 0.5009423407937381 0
95 -0.3642891566357603 0.4383805027410571 0
96 0.544121653388821 -0.4375625951250458 0
97 -0.1923105053007542 -0.4245556078208431 0
98 0.6097545499266408 0.6940945677471396 0
99 0.8506330877284842 -0.5948022582813202 0
100 -0.06094745670157288 0.5630932061009772 0
101 0.07095612814118059 0.4640460516237166 0
102 -0.2117625069708469 -0.5854049161448106 0
103 -0.3443509269739949 -0.4867200849797369 0
104 -0.8562386316341133 0.7375861023690757 0
105 -0.3456689094748311 0.5967452072419216 0
106 -0.4944247475696971 0.5382047999746423 0
107 -0.51907883205037 0.3723112905987475 0
108 -0.8476149141284527 -0.7477081360694107 0
109 0.4272685941388749 -0.1684654040287277 0
110 0.580385412755292 -0.1040841410342724 0
111 0.6226392137878669 0.2294841600771242 0
112 0.08974452824018733 0.627443387657017 0
113 -0.3592720619454811 -0.6396478358792451 0
114 -0.495854414376831 -0.5478791660875606 0
115 -0.4749178092953295 -0.3860504726666868 0
116 0.3619064690187009 0.4235997782090438 0
117 -0.6195029818269842 -0.4442224751215036 0
118 -0.5961300459094989 -0.2820683449940215 0
119 -0.641260765378376 -0.6048752810013531 0
120 -0.6364524972631204 0.4748104372043803 0
121 -0.6703230906118598 0.3070596090348146 0
122 -0.6115922761318916 0.6097792181248837 0
123 0.8539480496292312 0.7618124901209713 0
124 0.6225140047457148 0.4012760857414442 0
125 -0.08642946736037713 -0.6794463367985225 0
126 -0.7578996448965507 0.5731252861038888 0
127 0.6845976398319911 -0.535611014446655 0
128 0.7015449298702372 -0.3547739302354964 0
129 0.06764507380053064 -0.61858343463494 0
130 0.1838776062787973 -0.7412216946454832 0
131 -0.2007393123692415 0.6500221270004307 0
132 -0.8609723884142877 -0.5825295460024853 0
133 -0.1698044724574038 -0.2590620412078756 0
134 -0.8381755425433007 0.2693962425006667 0
135 -0.7105965347919937 0.147547456068966 0
136 -0.5541372043235395 0.1952402989743771 0
137 -0.5736592344851736 0.04227876366721976 0
138 -0.4337328094246307 -0.06078716133071288 0
139 0.02833316725669309 0.1360386811380178 0
140 0.5975322558378023 0.06308141038783668 0
141 0.725240924054381 -0.02130595501835218 0
142 -0.5008009693909529 0.709481272863778 0
143 -0.8631233450370406 -0.2499611556517149 0
144 -0.3911219892101092 0.2703880864192044 0
145 -0.5114249609377576 -0.7197300420676137 0
146 0.5010600336916458 0.4823011508498798 0
147 0.2724752925391747 -0.2327769136907039 0
148 0.1823461949150178 0.2008334878511098 0
149 0.8652196705805613 0.2354255049962536 0
150 -0.4324105094751685 0.864190209066529 0
151 -0.1226246390390337 0.8740035487678683 0
152 0.8704159945699633 -0.7575079333971861 0
153 -0.4402155309679492 -0.8711426251263776 0
154 0.8662457656192804 0.5840733026154136 0
155 -0.3225948522816942 -0.3228912866857214 0
156 0.560254719706982 -0.2705640309509328 0
157 0.04910415191543992 0.3000580506656362 0
158 -0.1070654790168067 -0.8419346846670546 0
159 0.4056735183601743 -0.334433629685973 0
160 -0.4505896809753116 -0.2246666942337899 0
161 0.2041862430403101 0.3637901936069481 0
162 -0.05032810913357327 0.7282916187094167 0
163 0.2434461849800064 0.5498175691136337 0
164 0.8489850555921614 -0.4302549795686297 0
165 -0.7289193738778922 -0.1804232021647151 0
166 0.2209727750039979 0.7216503956362794 0
167 -0.8584485893839015 0.08402988384412459 0
168 -0.7551326881109622 0.873099811703956 0
169 -0.7547160563104962 -0.8682493396814008 0
170 0.7171584247181086 -0.1828451219477761 0
171 0.7982567060969258 0.893761781687862 0
172 0.7880844006771135 -0.8648168090229094 0
173 0.7096517130701181 -0.6943880960522866 0
174 0.1964903832709465 -0.8848045317486808 0
175 -0.5870787463741474 -0.1170423897599898 0
176 0.8609356011228103 -0.09384958535689787 0
177 0.1799186015644603 0.8639356964038154 0
178 -0.2284295627802508 -0.7318326159266595 0
179 -0.7201967673848073 -0.01774214183618206 0
180 -0.7381503639358021 -0.3395785254377841 0
181 -0.6805033763200278 -0.7479530645729188 0
182 -0.3267199276292067 0.745347758633562 0
183 0.746427538813589 0.4851710361949242 0
184 0.730249775096251 0.138752681728202 0
185 0.5006468036887649 0.626399135774979 0
186 -0.6792974084788997 0.7363451095193014 0
187 -0.7468396467126484 -0.5076875259508273 0
188 -0.8858591885443783 0.8841368995800079 0
189 -0.8849367039218885 -0.8846748140371414 0
190 0.7419899852611952 0.316863231210086 0
191 -0.9017046527745168 0.5834714784768715 0
192 -0.3629354152437437 -0.7696572863972007 0
193 0.7439152682866494 0.6594579007493602 0
194 0.09349116121308869 0.7588672316806618 0
195 0.400349830542837 0.5520471495667899 0
196 0.9049146167896251 -0.8951187076964027 0
197 0.903405341168814 0.8970207172191622 0
198 -0.759784438359306 -0.6530203775706147 0
199 0.02524278774964791 -0.7436445586131315 0
200 0.620719699858834 0.5581166461762878 0
201 -0.2005667413914776 0.7772390624182077 0
202 -0.7479085754507443 0.4101644898065749 0
$EndNodes
$Elements
402
1 1 2 1 1 1 15
2 1 2 1 1 15 16
3 1 2 1 1 16 17
4 1 2 1 1 17 18
5 1 2 1 1 18 19
6 1 2 1 1 19 20
7 1 2 1 1 20 21
8 1 2 1 1 21 2
9 1 2 2 2 2 3
10 1 2 2 3 3 4
11 1 2 2 4 4 5
12 1 2 2 5 5 6
13 1 2 3 6 6 22
14 1 2 3 6 22 7
15 1 2 4 7 7 23
16 1 2 4 7 23 24
17 1 2 4 7 24 25
18 1 2 4 7 25 26
19 1 2 4 7 26 27
20 1 2 4 7 27 28
21 1 2 4 7 28 29
22 1 2 4 7 29 30
23 1 2 4 7 30 31
24 1 2 4 7 31 32
25 1 2 4 7 32 33
26 1 2 4 7 33 8
27 1 2 5 8 8 34
28 1 2 5 8 34 9
29 1 2 6 9 9 10
30 1 2 6 10 10 11
31 1 2 6 11 11 12
32 1 2 6 12 12 13
33 1 2 7 13 13 35
34 1 2 7 13 35 36
35 1 2 7 13 36 37
36 1 2 7 13 37 38
37 1 2 7 13 38 39
38 1 2 7 13 39 40
39 1 2 7 13 40 41
40 1 2 7 13 41 14
41 1 2 8 14 14 42
42 1 2 8 14 42 43
43 1 2 8 14 43 44
44 1 2 8 14 44 45
45 1 2 8 14 45 46
46 1 2 8 14 46 47
47 1 2 8 14 47 48
48 1 2 8 14 48 49
49 1 2 8 14 49 50
50 1 2 8 14 50 51
51 1 2 8 14 51 52
52 1 2 8 14 52 1
53 2 2 9 1 67 4 173
54 2 2 9 1 142 63 186
55 2 2 9 1 104 126 186
56 2 2 9 1 10 123 171
57 2 2 9 1 122 142 186
58 2 2 9 1 127 99 164
59 2 2 9 1 163 54 166
60 2 2 9 1 4 5 173
61 2 2 9 1 175 137 179
62 2 2 9 1 165 175 179
63 2 2 9 1 128 127 164
64 2 2 9 1 123 10 193
65 2 2 9 1 63 142 150
66 2 2 9 1 87 137 138
67 2 2 9 1 170 61 176
68 2 2 9 1 121 134 135
69 2 2 9 1 112 163 166
70 2 2 9 1 141 170 176
71 2 2 9 1 107 136 144
72 2 2 9 1 130 66 174
73 2 2 9 1 87 136 137
74 2 2 9 1 66 130 199
75 2 2 9 1 126 122 186
76 2 2 9 1 134 121 202
77 2 2 9 1 127 67 173
78 2 2 9 1 172 152 173
79 2 2 9 1 61 128 164
80 2 2 9 1 107 121 136
81 2 2 9 1 5 172 173
82 2 2 9 1 136 87 144
83 2 2 9 1 128 61 170
84 2 2 9 1 80 87 138
85 2 2 9 1 82 80 138
86 2 2 9 1 62 183 190
87 2 2 9 1 10 98 193
88 2 2 9 1 54 163 195
89 2 2 9 1 183 124 190
90 2 2 9 1 99 127 173
91 2 2 9 1 125 158 199
92 2 2 9 1 145 64 153
93 2 2 9 1 126 104 191
94 2 2 9 1 59 134 202
95 2 2 9 1 121 135 136
96 2 2 9 1 3 55 130
97 2 2 9 1 82 138 160
98 2 2 9 1 158 66 199
99 2 2 9 1 135 134 167
100 2 2 9 1 152 99 173
101 2 2 9 1 96 128 156
102 2 2 9 1 93 97 102
103 2 2 9 1 51 108 132
104 2 2 9 1 93 125 129
105 2 2 9 1 68 96 159
106 2 2 9 1 69 70 71
107 2 2 9 1 55 69 130
108 2 2 9 1 93 73 97
109 2 2 9 1 93 102 125
110 2 2 9 1 71 73 93
111 2 2 9 1 69 68 70
112 2 2 9 1 102 103 113
113 2 2 9 1 74 77 133
114 2 2 9 1 86 88 94
115 2 2 9 1 42 43 104
116 2 2 9 1 51 52 108
117 2 2 9 1 77 82 133
118 2 2 9 1 96 67 127
119 2 2 9 1 71 93 129
120 2 2 9 1 96 127 128
121 2 2 9 1 55 68 69
122 2 2 9 1 122 106 142
123 2 2 9 1 69 71 129
124 2 2 9 1 74 75 76
125 2 2 9 1 102 97 103
126 2 2 9 1 71 70 72
127 2 2 9 1 113 114 145
128 2 2 9 1 133 82 155
129 2 2 9 1 95 94 105
130 2 2 9 1 94 100 131
131 2 2 9 1 106 105 142
132 2 2 9 1 60 50 132
133 2 2 9 1 71 72 73
134 2 2 9 1 86 94 95
135 2 2 9 1 80 78 81
136 2 2 9 1 105 94 131
137 2 2 9 1 77 76 78
138 2 2 9 1 73 72 74
139 2 2 9 1 86 95 144
140 2 2 9 1 155 82 160
141 2 2 9 1 44 45 59
142 2 2 9 1 81 83 86
143 2 2 9 1 50 51 132
144 2 2 9 1 10 11 98
145 2 2 9 1 136 135 137
146 2 2 9 1 120 106 122
147 2 2 9 1 68 67 96
148 2 2 9 1 74 72 75
149 2 2 9 1 59 45 134
150 2 2 9 1 74 76 77
151 2 2 9 1 114 119 145
152 2 2 9 1 55 4 67
153 2 2 9 1 94 88 100
154 2 2 9 1 81 86 144
155 2 2 9 1 95 107 144
156 2 2 9 1 49 50 60
157 2 2 9 1 111 90 140
158 2 2 9 1 77 78 80
159 2 2 9 1 73 74 133
160 2 2 9 1 80 81 87
161 2 2 9 1 113 103 114
162 2 2 9 1 87 81 144
163 2 2 9 1 95 105 106
164 2 2 9 1 55 67 68
165 2 2 9 1 86 83 88
166 2 2 9 1 45 46 134
167 2 2 9 1 49 60 143
168 2 2 9 1 114 117 119
169 2 2 9 1 97 73 133
170 2 2 9 1 92 90 111
171 2 2 9 1 69 129 130
172 2 2 9 1 90 89 140
173 2 2 9 1 96 156 159
174 2 2 9 1 140 110 141
175 2 2 9 1 89 110 140
176 2 2 9 1 11 12 54
177 2 2 9 1 3 4 55
178 2 2 9 1 92 111 124
179 2 2 9 1 81 78 83
180 2 2 9 1 48 49 143
181 2 2 9 1 53 48 143
182 2 2 9 1 120 122 126
183 2 2 9 1 89 109 110
184 2 2 9 1 78 76 139
185 2 2 9 1 76 75 79
186 2 2 9 1 85 89 90
187 2 2 9 1 103 97 155
188 2 2 9 1 85 84 89
189 2 2 9 1 77 80 82
190 2 2 9 1 89 84 109
191 2 2 9 1 47 48 53
192 2 2 9 1 115 103 155
193 2 2 9 1 92 124 146
194 2 2 9 1 76 79 139
195 2 2 9 1 114 115 117
196 2 2 9 1 107 106 120
197 2 2 9 1 91 90 92
198 2 2 9 1 139 79 148
199 2 2 9 1 28 29 58
200 2 2 9 1 29 30 149
201 2 2 9 1 30 31 62
202 2 2 9 1 26 27 61
203 2 2 9 1 37 38 56
204 2 2 9 1 84 75 147
205 2 2 9 1 79 75 84
206 2 2 9 1 24 25 99
207 2 2 9 1 100 101 112
208 2 2 9 1 95 106 107
209 2 2 9 1 101 157 161
210 2 2 9 1 75 72 147
211 2 2 9 1 79 84 85
212 2 2 9 1 85 90 91
213 2 2 9 1 38 39 150
214 2 2 9 1 72 70 147
215 2 2 9 1 114 103 115
216 2 2 9 1 117 115 118
217 2 2 9 1 109 84 147
218 2 2 9 1 18 19 57
219 2 2 9 1 107 120 121
220 2 2 9 1 31 32 154
221 2 2 9 1 39 40 63
222 2 2 9 1 17 18 153
223 2 2 9 1 16 17 64
224 2 2 9 1 23 24 152
225 2 2 9 1 91 92 116
226 2 2 9 1 97 133 155
227 2 2 9 1 100 88 101
228 2 2 9 1 116 92 146
229 2 2 9 1 110 109 156
230 2 2 9 1 83 78 139
231 2 2 9 1 79 85 148
232 2 2 9 1 32 33 123
233 2 2 9 1 157 148 161
234 2 2 9 1 58 29 149
235 2 2 9 1 30 62 149
236 2 2 9 1 85 91 148
237 2 2 9 1 70 68 159
238 2 2 9 1 56 38 150
239 2 2 9 1 62 31 154
240 2 2 9 1 109 147 159
241 2 2 9 1 36 37 151
242 2 2 9 1 59 126 191
243 2 2 9 1 24 99 152
244 2 2 9 1 39 63 150
245 2 2 9 1 138 137 175
246 2 2 9 1 88 83 157
247 2 2 9 1 19 20 158
248 2 2 9 1 18 57 153
249 2 2 9 1 139 148 157
250 2 2 9 1 158 125 178
251 2 2 9 1 147 70 159
252 2 2 9 1 100 112 162
253 2 2 9 1 64 17 153
254 2 2 9 1 101 88 157
255 2 2 9 1 91 116 161
256 2 2 9 1 32 123 154
257 2 2 9 1 37 56 151
258 2 2 9 1 112 101 163
259 2 2 9 1 83 139 157
260 2 2 9 1 156 109 159
261 2 2 9 1 35 36 65
262 2 2 9 1 57 19 158
263 2 2 9 1 20 21 66
264 2 2 9 1 118 115 160
265 2 2 9 1 134 46 167
266 2 2 9 1 156 128 170
267 2 2 9 1 115 155 160
268 2 2 9 1 26 61 164
269 2 2 9 1 99 25 164
270 2 2 9 1 101 161 163
271 2 2 9 1 148 91 161
272 2 2 9 1 47 53 167
273 2 2 9 1 131 100 162
274 2 2 9 1 65 36 151
275 2 2 9 1 25 26 164
276 2 2 9 1 126 59 202
277 2 2 9 1 20 66 158
278 2 2 9 1 161 116 163
279 2 2 9 1 141 110 170
280 2 2 9 1 5 6 172
281 2 2 9 1 9 10 171
282 2 2 9 1 64 145 181
283 2 2 9 1 53 143 165
284 2 2 9 1 40 41 168
285 2 2 9 1 15 16 169
286 2 2 9 1 54 12 166
287 2 2 9 1 65 151 162
288 2 2 9 1 46 47 167
289 2 2 9 1 102 113 178
290 2 2 9 1 58 141 176
291 2 2 9 1 58 149 184
292 2 2 9 1 108 169 181
293 2 2 9 1 63 40 168
294 2 2 9 1 16 64 169
295 2 2 9 1 105 131 182
296 2 2 9 1 141 58 184
297 2 2 9 1 28 58 176
298 2 2 9 1 61 27 176
299 2 2 9 1 53 165 179
300 2 2 9 1 145 153 192
301 2 2 9 1 184 149 190
302 2 2 9 1 14 42 188
303 2 2 9 1 52 1 189
304 2 2 9 1 57 158 178
305 2 2 9 1 41 14 188
306 2 2 9 1 1 15 189
307 2 2 9 1 6 22 172
308 2 2 9 1 168 104 186
309 2 2 9 1 34 9 171
310 2 2 9 1 145 119 181
311 2 2 9 1 130 129 199
312 2 2 9 1 104 43 191
313 2 2 9 1 110 156 170
314 2 2 9 1 140 141 184
315 2 2 9 1 44 59 191
316 2 2 9 1 150 142 182
317 2 2 9 1 66 21 174
318 2 2 9 1 35 65 177
319 2 2 9 1 118 165 180
320 2 2 9 1 165 143 180
321 2 2 9 1 183 193 200
322 2 2 9 1 7 23 196
323 2 2 9 1 33 8 197
324 2 2 9 1 2 3 174
325 2 2 9 1 56 150 182
326 2 2 9 1 120 126 202
327 2 2 9 1 12 13 177
328 2 2 9 1 113 145 192
329 2 2 9 1 117 118 180
330 2 2 9 1 3 130 174
331 2 2 9 1 163 116 195
332 2 2 9 1 117 180 187
333 2 2 9 1 162 151 201
334 2 2 9 1 149 62 190
335 2 2 9 1 177 65 194
336 2 2 9 1 131 162 201
337 2 2 9 1 21 2 174
338 2 2 9 1 118 160 175
339 2 2 9 1 13 35 177
340 2 2 9 1 125 102 178
341 2 2 9 1 27 28 176
342 2 2 9 1 165 118 175
343 2 2 9 1 108 181 198
344 2 2 9 1 167 53 179
345 2 2 9 1 160 138 175
346 2 2 9 1 137 135 179
347 2 2 9 1 22 7 196
348 2 2 9 1 8 34 197
349 2 2 9 1 119 117 187
350 2 2 9 1 166 12 177
351 2 2 9 1 143 60 180
352 2 2 9 1 178 113 192
353 2 2 9 1 193 98 200
354 2 2 9 1 23 152 196
355 2 2 9 1 135 167 179
356 2 2 9 1 142 105 182
357 2 2 9 1 123 33 197
358 2 2 9 1 182 131 201
359 2 2 9 1 180 60 187
360 2 2 9 1 111 140 184
361 2 2 9 1 62 154 183
362 2 2 9 1 146 124 200
363 2 2 9 1 166 177 194
364 2 2 9 1 11 54 185
365 2 2 9 1 98 11 185
366 2 2 9 1 60 132 187
367 2 2 9 1 111 184 190
368 2 2 9 1 169 64 181
369 2 2 9 1 42 104 188
370 2 2 9 1 108 52 189
371 2 2 9 1 119 187 198
372 2 2 9 1 162 112 194
373 2 2 9 1 132 108 198
374 2 2 9 1 183 154 193
375 2 2 9 1 129 125 199
376 2 2 9 1 124 111 190
377 2 2 9 1 43 44 191
378 2 2 9 1 168 41 188
379 2 2 9 1 15 169 189
380 2 2 9 1 65 162 194
381 2 2 9 1 152 172 196
382 2 2 9 1 171 123 197
383 2 2 9 1 63 168 186
384 2 2 9 1 116 146 195
385 2 2 9 1 153 57 192
386 2 2 9 1 121 120 202
387 2 2 9 1 154 123 193
388 2 2 9 1 112 166 194
389 2 2 9 1 151 56 201
390 2 2 9 1 187 132 198
391 2 2 9 1 104 168 188
392 2 2 9 1 169 108 189
393 2 2 9 1 57 178 192
394 2 2 9 1 124 183 200
395 2 2 9 1 185 146 200
396 2 2 9 1 98 185 200
397 2 2 9 1 172 22 196
398 2 2 9 1 34 171 197
399 2 2 9 1 56 182 201
400 2 2 9 1 185 54 195
401 2 2 9 1 146 185 195
402 2 2 9 1 181 119 198
$EndElements
