$NURBSGRID_1 
35
1 2 0.0000000000000000 0.0285714285714286
2 3 0.0285714285714286 0.0571428571428571
3 4 0.0571428571428571 0.0857142857142857
4 5 0.0857142857142857 0.1142857142857143
5 6 0.1142857142857143 0.1428571428571428
6 7 0.1428571428571428 0.1714285714285714
7 8 0.1714285714285714 0.2000000000000000
8 9 0.2000000000000000 0.2285714285714286
9 10 0.2285714285714286 0.2571428571428571
10 11 0.2571428571428571 0.2857142857142857
11 12 0.2857142857142857 0.3142857142857143
12 13 0.3142857142857143 0.3428571428571429
13 14 0.3428571428571429 0.3714285714285714
14 15 0.3714285714285714 0.4000000000000000
15 16 0.4000000000000000 0.4285714285714285
16 17 0.4285714285714285 0.4571428571428571
17 18 0.4571428571428571 0.4857142857142857
18 19 0.4857142857142857 0.5142857142857142
19 20 0.5142857142857142 0.5428571428571428
20 21 0.5428571428571428 0.5714285714285714
21 22 0.5714285714285714 0.6000000000000000
22 23 0.6000000000000000 0.6285714285714286
23 24 0.6285714285714286 0.6571428571428571
24 25 0.6571428571428571 0.6857142857142857
25 26 0.6857142857142857 0.7142857142857143
26 27 0.7142857142857143 0.7428571428571429
27 28 0.7428571428571429 0.7714285714285715
28 29 0.7714285714285715 0.8000000000000000
29 30 0.8000000000000000 0.8285714285714286
30 31 0.8285714285714286 0.8571428571428571
31 32 0.8571428571428571 0.8857142857142857
32 33 0.8857142857142857 0.9142857142857143
33 34 0.9142857142857143 0.9428571428571428
34 35 0.9428571428571428 0.9714285714285714
35 1 0.9714285714285714 1.0000000000000000
$ENDNURBSGRID_1 
$NURBSGRID_2 
175
36 210 0.0000000000000000 0.0057142857142857
210 209 0.0057142857142857 0.0114285714285714
209 208 0.0114285714285714 0.0171428571428571
208 207 0.0171428571428571 0.0228571428571429
207 206 0.0228571428571429 0.0285714285714286
206 205 0.0285714285714286 0.0342857142857143
205 204 0.0342857142857143 0.0400000000000000
204 203 0.0400000000000000 0.0457142857142857
203 202 0.0457142857142857 0.0514285714285714
202 201 0.0514285714285714 0.0571428571428571
201 200 0.0571428571428571 0.0628571428571429
200 199 0.0628571428571429 0.0685714285714286
199 198 0.0685714285714286 0.0742857142857143
198 197 0.0742857142857143 0.0800000000000000
197 196 0.0800000000000000 0.0857142857142857
196 195 0.0857142857142857 0.0914285714285714
195 194 0.0914285714285714 0.0971428571428571
194 193 0.0971428571428571 0.1028571428571429
193 192 0.1028571428571429 0.1085714285714286
192 191 0.1085714285714286 0.1142857142857143
191 190 0.1142857142857143 0.1200000000000000
190 189 0.1200000000000000 0.1257142857142857
189 188 0.1257142857142857 0.1314285714285714
188 187 0.1314285714285714 0.1371428571428571
187 186 0.1371428571428571 0.1428571428571428
186 185 0.1428571428571428 0.1485714285714286
185 184 0.1485714285714286 0.1542857142857143
184 183 0.1542857142857143 0.1600000000000000
183 182 0.1600000000000000 0.1657142857142857
182 181 0.1657142857142857 0.1714285714285714
181 180 0.1714285714285714 0.1771428571428571
180 179 0.1771428571428571 0.1828571428571429
179 178 0.1828571428571429 0.1885714285714286
178 177 0.1885714285714286 0.1942857142857143
177 176 0.1942857142857143 0.2000000000000000
176 175 0.2000000000000000 0.2057142857142857
175 174 0.2057142857142857 0.2114285714285714
174 173 0.2114285714285714 0.2171428571428571
173 172 0.2171428571428571 0.2228571428571429
172 171 0.2228571428571429 0.2285714285714286
171 170 0.2285714285714286 0.2342857142857143
170 169 0.2342857142857143 0.2400000000000000
169 168 0.2400000000000000 0.2457142857142857
168 167 0.2457142857142857 0.2514285714285714
167 166 0.2514285714285714 0.2571428571428571
166 165 0.2571428571428571 0.2628571428571428
165 164 0.2628571428571428 0.2685714285714286
164 163 0.2685714285714286 0.2742857142857143
163 162 0.2742857142857143 0.2800000000000000
162 161 0.2800000000000000 0.2857142857142857
161 160 0.2857142857142857 0.2914285714285714
160 159 0.2914285714285714 0.2971428571428572
159 158 0.2971428571428572 0.3028571428571429
158 157 0.3028571428571429 0.3085714285714286
157 156 0.3085714285714286 0.3142857142857143
156 155 0.3142857142857143 0.3200000000000000
155 154 0.3200000000000000 0.3257142857142857
154 153 0.3257142857142857 0.3314285714285714
153 152 0.3314285714285714 0.3371428571428571
152 151 0.3371428571428571 0.3428571428571429
151 150 0.3428571428571429 0.3485714285714286
150 149 0.3485714285714286 0.3542857142857143
149 148 0.3542857142857143 0.3600000000000000
148 147 0.3600000000000000 0.3657142857142857
147 146 0.3657142857142857 0.3714285714285714
146 145 0.3714285714285714 0.3771428571428572
145 144 0.3771428571428572 0.3828571428571428
144 143 0.3828571428571428 0.3885714285714286
143 142 0.3885714285714286 0.3942857142857143
142 141 0.3942857142857143 0.4000000000000000
141 140 0.4000000000000000 0.4057142857142857
140 139 0.4057142857142857 0.4114285714285714
139 138 0.4114285714285714 0.4171428571428571
138 137 0.4171428571428571 0.4228571428571429
137 136 0.4228571428571429 0.4285714285714285
136 135 0.4285714285714285 0.4342857142857143
135 134 0.4342857142857143 0.4400000000000000
134 133 0.4400000000000000 0.4457142857142857
133 132 0.4457142857142857 0.4514285714285714
132 131 0.4514285714285714 0.4571428571428571
131 130 0.4571428571428571 0.4628571428571429
130 129 0.4628571428571429 0.4685714285714286
129 128 0.4685714285714286 0.4742857142857143
128 127 0.4742857142857143 0.4800000000000000
127 126 0.4800000000000000 0.4857142857142857
126 125 0.4857142857142857 0.4914285714285714
125 124 0.4914285714285714 0.4971428571428572
124 123 0.4971428571428572 0.5028571428571429
123 122 0.5028571428571429 0.5085714285714286
122 121 0.5085714285714286 0.5142857142857142
121 120 0.5142857142857142 0.5200000000000000
120 119 0.5200000000000000 0.5257142857142857
119 118 0.5257142857142857 0.5314285714285715
118 117 0.5314285714285715 0.5371428571428571
117 116 0.5371428571428571 0.5428571428571428
116 115 0.5428571428571428 0.5485714285714286
115 114 0.5485714285714286 0.5542857142857143
114 113 0.5542857142857143 0.5600000000000001
113 112 0.5600000000000001 0.5657142857142857
112 111 0.5657142857142857 0.5714285714285714
111 110 0.5714285714285714 0.5771428571428572
110 109 0.5771428571428572 0.5828571428571429
109 108 0.5828571428571429 0.5885714285714285
108 107 0.5885714285714285 0.5942857142857143
107 106 0.5942857142857143 0.6000000000000000
106 105 0.6000000000000000 0.6057142857142858
105 104 0.6057142857142858 0.6114285714285714
104 103 0.6114285714285714 0.6171428571428571
103 102 0.6171428571428571 0.6228571428571429
102 101 0.6228571428571429 0.6285714285714286
101 100 0.6285714285714286 0.6342857142857142
100 99 0.6342857142857142 0.6400000000000000
99 98 0.6400000000000000 0.6457142857142857
98 97 0.6457142857142857 0.6514285714285715
97 96 0.6514285714285715 0.6571428571428571
96 95 0.6571428571428571 0.6628571428571428
95 94 0.6628571428571428 0.6685714285714286
94 93 0.6685714285714286 0.6742857142857143
93 92 0.6742857142857143 0.6800000000000000
92 91 0.6800000000000000 0.6857142857142857
91 90 0.6857142857142857 0.6914285714285714
90 89 0.6914285714285714 0.6971428571428572
89 88 0.6971428571428572 0.7028571428571428
88 87 0.7028571428571428 0.7085714285714285
87 86 0.7085714285714285 0.7142857142857143
86 85 0.7142857142857143 0.7200000000000000
85 84 0.7200000000000000 0.7257142857142858
84 83 0.7257142857142858 0.7314285714285714
83 82 0.7314285714285714 0.7371428571428571
82 81 0.7371428571428571 0.7428571428571429
81 80 0.7428571428571429 0.7485714285714286
80 79 0.7485714285714286 0.7542857142857143
79 78 0.7542857142857143 0.7600000000000000
78 77 0.7600000000000000 0.7657142857142857
77 76 0.7657142857142857 0.7714285714285715
76 75 0.7714285714285715 0.7771428571428571
75 74 0.7771428571428571 0.7828571428571428
74 73 0.7828571428571428 0.7885714285714286
73 72 0.7885714285714286 0.7942857142857143
72 71 0.7942857142857143 0.8000000000000000
71 70 0.8000000000000000 0.8057142857142857
70 69 0.8057142857142857 0.8114285714285714
69 68 0.8114285714285714 0.8171428571428572
68 67 0.8171428571428572 0.8228571428571428
67 66 0.8228571428571428 0.8285714285714286
66 65 0.8285714285714286 0.8342857142857143
65 64 0.8342857142857143 0.8400000000000000
64 63 0.8400000000000000 0.8457142857142858
63 62 0.8457142857142858 0.8514285714285714
62 61 0.8514285714285714 0.8571428571428571
61 60 0.8571428571428571 0.8628571428571429
60 59 0.8628571428571429 0.8685714285714285
59 58 0.8685714285714285 0.8742857142857143
58 57 0.8742857142857143 0.8800000000000000
57 56 0.8800000000000000 0.8857142857142857
56 55 0.8857142857142857 0.8914285714285715
55 54 0.8914285714285715 0.8971428571428571
54 53 0.8971428571428571 0.9028571428571428
53 52 0.9028571428571428 0.9085714285714286
52 51 0.9085714285714286 0.9142857142857143
51 50 0.9142857142857143 0.9200000000000000
50 49 0.9200000000000000 0.9257142857142857
49 48 0.9257142857142857 0.9314285714285714
48 47 0.9314285714285714 0.9371428571428572
47 46 0.9371428571428572 0.9428571428571428
46 45 0.9428571428571428 0.9485714285714286
45 44 0.9485714285714286 0.9542857142857143
44 43 0.9542857142857143 0.9600000000000000
43 42 0.9600000000000000 0.9657142857142857
42 41 0.9657142857142857 0.9714285714285714
41 40 0.9714285714285714 0.9771428571428571
40 39 0.9771428571428571 0.9828571428571429
39 38 0.9828571428571429 0.9885714285714285
38 37 0.9885714285714285 0.9942857142857143
37 36 0.9942857142857143 1.0000000000000000
$ENDNURBSGRID_2 
